00100001
00001000
00000000
00010100
00100001
00101001
00000000
00000000
00100001
01001010
00000000
00000001
00100001
01101011
00000000
00000010
00010001
00000000
00000000
00000111
00010001
00000000
00000000
00000110
00010001
01101000
00000000
00000101
00000001
00101010
01100000
00100000
00000001
01000000
01001000
00100000
00000001
10000000
01010000
00100000
00100001
01101011
00000000
00000001
00001000
00000000
00000000
00000110
00000001
01000000
00010000
00100000
00000000
00000000
00000000
00000000
